199388.19999999987 8245805.8000000017 z=1.7976931348623157e+308 ...}
199388.19999999998 8245805.8000000017 z=1.7976931348623157e+308 ...}

199223.03199513402 8246059.0884428220 
199388.20000000001 8245805.8000000017 



199223.03199513402 8246059.0884428220 
199388.20000000001 8245805.8000000017 
199753.03199513402 8245529.0884428220 
200123.03199513402 8245289.0884428220 
200592.19999999998 8244933.6000000006 
201133.03199513402 8244769.0884428220 
201443.03199513402 8244809.0884428220 
201843.03199513402 8244909.0884428220 
202133.03199513402 8244979.0884428220 
202333.03199513402 8245009.0884428220 
202923.03199513402 8245089.0884428220 
203263.03199513402 8245109.0884428220 
203473.03199513402 8245079.0884428220 
203668.03199513402 8245084.0884428220 
203808.03199513402 8245074.0884428220 
203978.03199513402 8245059.0884428220 
204073.03199513402 8245039.0884428220 
204238.03199513402 8244984.0884428220 
204513.03199513402 8244939.0884428220 
204763.03199513402 8244864.0884428220 
204948.03199513402 8244759.0884428220 
205358.86062369286 8244610.5709698088 
205208.03199513402 8244644.0884428220 
205478.03199513402 8244584.0884428220 
205763.03199513402 8244609.0884428220 
205928.03199513402 8244589.0884428220 